$ 1 0.000005 10.20027730826997 34 5 43 5e-11
v 16 304 16 256 0 0 40 10 0 0 0.5
r 80 160 128 160 0 4
w 128 160 224 160 0
w 224 192 192 192 0
w 224 192 256 192 0
w 192 192 192 224 0
w 256 192 256 224 0
r 192 224 192 256 0 4
r 256 224 256 256 0 4
w 192 256 192 288 0
w 256 256 256 288 0
w 192 288 224 288 0
w 224 288 256 288 0
w 224 288 224 352 0
w 224 352 112 352 0
w 16 304 16 352 0
w 16 352 112 352 0
g 16 352 16 368 0 0
w 224 352 272 352 0
w 272 352 320 352 0
w 320 352 320 304 0
r 320 304 320 272 0 1.5
w 320 272 320 256 0
r 320 256 320 224 0 0.5
370 16 160 48 160 3 0 0
w 48 160 80 160 0
370 16 256 16 208 3 0 0
w 16 208 16 160 0
370 320 176 320 224 3 0 0
370 256 160 256 192 3 0 0
w 320 160 320 176 0
w 256 160 320 160 0
w 256 160 224 160 0
