$ 1 0.000005 0.021402409717744746 8 5 43 5e-11
w -160 352 -160 208 0
w -160 64 -160 144 0
v -160 208 -160 144 0 0 40 9 0 0 0.5
r -48 352 0 352 0 1000
p -32 32 16 32 3 0 0 10000000
r -32 64 16 64 0 1000
r 96 160 96 192 0 1000
w -160 64 -32 64 0
w 16 64 96 64 0
w 96 64 96 160 0
w 96 192 96 352 0
w 96 352 0 352 0
w -48 352 -160 352 0
p 0 384 -48 384 3 0 0 10000000
p 144 160 144 192 3 0 0 10000000
w -160 64 -160 32 0
w -160 32 -32 32 0
w 96 64 96 32 0
w 96 32 16 32 0
w 96 64 144 64 0
w 144 64 144 160 0
w 144 192 144 352 0
w 144 352 96 352 0
w 96 352 96 384 0
w 96 384 0 384 0
w -48 384 -160 384 0
w -160 384 -160 352 0
