$ 1 0.000005 10.20027730826997 50 5 43 5e-11
w -96 256 -48 256 0
w -48 256 0 256 0
r -96 224 -96 208 0 5
w -96 208 -96 176 0
r -96 176 -96 160 0 7
w -96 160 -96 144 0
w -96 144 -48 144 0
w -48 144 0 144 0
w 0 144 0 176 0
r 0 176 0 192 0 6
w 0 192 0 224 0
w 0 256 32 256 0
w 32 256 64 256 0
g 64 256 64 288 0 0
w 0 144 48 144 0
w 48 144 96 144 0
w 96 144 112 144 0
w 112 144 112 176 0
v 112 176 112 208 0 0 40 6 0 0 0.5
w 64 256 112 256 0
w 112 256 160 256 0
w 160 256 208 256 0
v 208 224 208 192 0 0 40 18 0 0 0.5
w 208 192 208 176 0
r 208 176 208 144 0 6
w 208 144 176 144 0
w 176 144 112 144 0
370 0 224 0 256 3 0 0
370 112 208 112 256 3 0 0
370 -96 256 -96 224 3 0 0
370 208 224 208 256 3 0 0
