$ 1 0.000005 0.021402409717744746 8 5 43 5e-11
w 32 64 80 64 0
w -160 352 -160 208 0
w -160 64 -160 144 0
v -160 208 -160 144 0 0 40 9 0 0 0.5
w -160 352 -80 352 0
r -16 224 -16 192 0 1000
r 80 128 80 160 0 1000
w 0 64 32 64 0
w 80 64 80 128 0
w 80 160 80 208 0
w -16 64 -16 192 0
w 80 208 80 256 0
w 80 256 80 288 0
w -80 352 -16 352 0
w -160 64 -16 64 0
w -16 64 0 64 0
w -16 224 -16 288 0
370 -16 288 -16 336 3 0 0
370 80 288 80 336 3 0 0
w -16 352 -16 336 0
w -16 352 80 352 0
w 80 352 80 336 0
