$ 1 0.000005 10.20027730826997 34 5 43 5e-11
v 64 352 64 272 0 0 40 24 0 0 0.5
w 64 272 64 240 0
w 64 240 64 192 0
w 64 192 80 192 0
370 80 192 128 192 3 0 0
w 128 192 144 192 0
r 176 192 224 192 0 6
w 144 192 144 128 0
r 176 128 224 128 0 6
w 144 192 144 240 0
r 176 240 224 240 0 2
w 224 128 256 128 0
w 256 128 256 192 0
w 256 192 256 240 0
w 224 240 256 240 0
w 224 192 256 192 0
w 384 192 384 224 0
w 384 224 336 224 0
r 336 272 336 304 0 8
r 432 272 432 304 0 12
w 384 224 432 224 0
w 336 304 336 352 0
w 336 352 384 352 0
w 432 304 432 352 0
w 432 352 384 352 0
w 384 352 384 416 0
w 384 416 64 416 0
w 64 416 64 352 0
370 144 128 176 128 3 0 0
370 144 192 176 192 3 0 0
370 144 240 176 240 3 0 0
370 256 192 384 192 3 0 0
370 336 224 336 272 3 0 0
370 432 224 432 272 3 0 0
v 576 352 576 320 0 0 40 24 0 0 0.5
370 576 320 576 256 3 0 0
w 576 256 576 208 0
r 656 208 688 208 0 1.2
w 688 208 720 208 0
w 720 208 720 272 0
r 720 272 720 336 0 4.8
w 576 352 576 384 0
w 576 384 720 384 0
w 720 384 720 336 0
w 720 272 736 272 0
w 720 336 736 336 0
w 656 208 640 208 0
w 640 208 640 192 0
w 688 208 688 192 0
w 576 208 640 208 0
p 640 176 688 176 3 0 0 10000000
p 752 272 752 336 3 0 0 10000000
w 736 272 752 272 0
w 736 336 752 336 0
w 688 176 688 192 0
w 640 176 640 192 0
