$ 65 0.000005 10.20027730826997 60 5 50 5e-11
R 352 96 352 64 0 0 40 22 0 0 0.5
w 352 96 448 96 0
w 352 96 272 96 0
370 448 96 448 128 3 0 0
r 448 144 448 192 0 10000
w 448 128 448 144 0
w 448 192 448 224 0
w 400 256 352 256 0
w 352 256 272 256 0
w 272 96 224 96 0
w 272 256 224 256 0
w 224 256 224 192 0
w 224 96 224 128 0
r 224 192 224 144 0 40000
w 224 128 224 144 0
w 224 256 176 256 0
w 224 96 176 96 0
w 176 96 176 144 0
w 176 256 176 192 0
g 352 384 352 400 0 0
w 224 256 224 288 0
w 224 288 176 288 0
w 176 288 176 336 0
w 176 368 176 384 0
w 176 384 224 384 0
w 224 384 224 352 0
r 224 352 224 320 0 4000
w 224 320 224 288 0
w 224 384 352 384 0
w 352 384 448 384 0
370 448 352 448 384 3 0 0
r 448 352 448 320 0 1000
w 448 320 480 320 0
w 448 352 480 352 0
p 176 144 176 192 3 0 0 10000000
p 176 336 176 368 3 0 0 10000000
p 480 320 480 352 3 0 0 10000000
w 448 288 448 320 0
t 400 256 448 256 0 1 -6.596709345643273 0.603190132945876 100 default
w 448 240 448 224 0
w 448 272 448 288 0
w 448 240 464 240 0
w 448 272 464 272 0
p 464 240 464 272 3 0 0 10000000
p 400 224 400 256 3 0 0 10000000
w 400 224 416 224 0
w 416 224 448 240 0
